1 41 3464
56 20 3740
134 320 3648
119 468 3618
6 704 3140
93 1413 2933
157 1714 3753
94 1899 3788
190 2168 4016
57 1919 4069
5 1957 4460
4 1476 4353
78 1410 4163
121 1037 4175
178 481 4144
115 576 4793
186 1149 4505
129 1357 4886
76 1421 4942
18 1869 4909
20 2032 4893
74 2203 4757
63 2351 4763
11 2385 4602
155 2440 4511
23 2670 4664
53 2700 4929
141 2858 4686
100 2809 4513
122 3187 4652
91 3280 4734
142 3399 4788
29 3722 4740
85 3602 4346
176 3316 4555
110 3093 4341
137 2887 4385
84 2590 4041
36 2441 3801
14 2418 3713
152 2368 3687
89 2343 3195
77 2501 3028
27 2656 2751
31 2314 3035
160 1684 2527
55 1667 2382
46 1941 2433
180 2128 2161
133 1877 1992
67 1938 1720
183 2042 1655
146 2083 1420
32 2186 1842
161 2545 2434
139 2600 2510
98 2804 2421
118 3004 2152
9 2995 1940
25 3248 1867
7 3277 1824
120 3535 2290
177 3642 2977
188 3184 3312
136 3557 3471
147 3612 3753
21 3698 3807
34 4039 3941
171 4313 4351
112 4309 4502
96 3728 4891
42 4080 4951
15 4715 4892
52 4639 4653
90 4665 4480
88 4596 4017
73 4943 3908
40 4389 3548
75 4217 3585
62 4160 3633
68 3964 3430
130 3872 3428
61 3982 3288
189 4474 3017
175 4313 2751
101 4307 2615
35 4261 2644
102 3932 2448
54 3975 2306
65 4031 2050
149 4169 2154
97 4644 2479
41 4626 2621
124 4812 2884
162 4863 2947
108 4987 2696
44 4966 2375
17 4769 1536
47 4622 1321
151 4973 1323
51 4833 1109
148 4831 926
117 4586 794
187 4745 645
8 4960 491
10 4827 435
116 4796 278
131 4864 138
127 4268 51
12 3902 153
179 3192 218
164 3297 412
109 3195 481
95 3124 467
165 3281 1102
64 3651 571
145 4178 283
38 4366 347
3 4166 721
87 4373 1018
166 4484 1279
99 4308 1616
125 4153 1509
45 3929 1303
132 3840 1416
80 3759 1655
43 3753 1838
114 3456 1617
154 3434 1546
168 3111 1699
50 2925 1538
70 3004 1335
123 2957 1190
81 2407 1358
66 2345 1150
30 2524 778
167 2453 729
82 2619 533
72 2748 381
105 2794 297
113 2447 195
185 2250 20
59 1772 570
153 1421 553
169 1310 667
58 1269 828
174 1832 941
83 1544 1482
104 1516 1550
2 1333 1495
184 1287 1434
159 1276 991
106 1223 1006
173 912 806
182 1171 464
22 1316 327
172 1179 49
69 1101 185
103 596 248
181 534 446
33 288 100
144 1 583
135 19 698
138 74 710
86 289 830
39 3 1095
60 96 1509
143 252 1420
16 446 1722
111 517 1587
48 536 1534
19 662 1294
37 887 1728
140 999 1864
49 1115 2082
158 1136 2421
126 1199 2634
79 900 2585
107 843 2603
170 785 2261
150 716 2186
71 454 2285
92 53 1999
13 292 2380
26 542 2639
128 324 2642
24 138 2710
28 33 2857
156 139 3057
163 193 3191
